			BANK OF THERMODYNAMIC FUNCTIONS
                  * Version:  23 November 2005 *  744 Subst.

   Ô(T)=f1+f2*lnX+f3*X^(-2)+f4*X^(-1)+f5*X+f6*X^2+f7*X^3 ; X=T/10**4

--------------------------------------------------------------------------------------------------------------------------------------------------------------------------------------------
Ind.                    Phase  T1      T2       H(298)        f1           f2        f3           f4              f5              f6              f7           mu       sigma    epsil    Comment 
--------------------------------------------------------------------------------------------------------------------------------------------------------------------------------------------
'AlCl'                  'g'    298.15  3000.    -51032.    318.9948      36.94626   -0.001226431  1.1881743       5.638541       -5.066135        5.219347    62.4345    3.58     932.     1,2  
'AlCl2'                 'g'    298.15  3000.   -259000.    427.2137      56.56409   -0.002961273  1.893842       12.40072       -22.65441        21.29898     97.8875    5.3      825.     1,2,55  
'AlCl3'                 'g'    298.15  3000.   -584100.    511.8114      81.15042   -0.004834879  2.752097       13.40078       -21.28001        16.92868    133.3405    5.13     472.     1,2
'GaCl'                  'g'    298.15  3000.    -70553.    332.2718      37.11052   -0.000746187  1.1606512       4.891346       -4.467591        5.506236   105.173     3.696    348.2    1 
'GaCl2'                 'g'    298.15  3000.   -241238.    443.2976      57.745845  -0.002265112  1.8755545       3.66186        -9.356338       15.88245    140.626     4.293    465.     1
'GaCl3'                 'g'    298.15  3000.   -431573.    526.8113      82.03355   -0.003486473  2.6855923       8.278878      -14.5678         12.8899     176.080     5.034    548.24   1
'NH3'                   'g'    298.15  3000.    -45940.    231.1183      20.52222    0.000716251  0.7677236     244.6296       -251.69          146.6947      17.031     3.0      300.     26,1
'H2'                    'g'    298.15  3000.         0.    205.5368      29.50487    0.000168424  0.86065612    -14.95312        78.18955       -82.78981      2.016     2.93      34.1    4,1
'HCl'                   'g'    298.15  3000     -92310.    243.9878      23.15984    0.001819985  0.6147384      51.16604       -36.89502         9.174252    36.461     2.737    167.1    1
'N2'                    'g'    298.15  3000.         0.    242.8156      21.47467    0.001748786  0.5910039      81.08497      -103.6265         71.30775     28.0135    3.798     71.4    1
'Al'                    's'    298.15  933.61        0.    172.8289      50.51806   -0.00411847   1.476107     -458.1279       2105.75        -4168.337       26.9815                      1
'Ga'                    'l'    302.92  2000.         0.    125.9597      26.03107    0.001178297  0.13976        -0.5698425       0.04723008      7.212525    69.723                       1,100
'AlN'                   's'    298.15  3000.   -319000.    123.1132      44.98092   -0.00734504   1.86107        31.39626       -49.92139        81.22038     40.988                       2
'GaN'                   's'    298.15  2000.   -114000.    160.2647      52.86351   -0.00799055   2.113389        1.313428       -2.441129        1.945731    83.730                       2


Condensed species densities (kg/m^3)
Al(s)     2690
Ga(l)     5900
AlN(s)    3200
GaN(s)    6150